fx = 655.534799198311	
fy = 655.876337464060	
cx = 399.794981922389
cy = 239.238825178368